38
41
40
21
23
20
28
29
28
54
90
106
64
130
162
25
36
31
43
97
128
21
21
18
51
47
43
46
46
50
69
74
79
25
28
31
31
29
21
33
28
18
40
75
88
23
58
116
90
88
92
49
45
45
60
49
43
21
46
63
67
52
39
31
30
26
36
34
36
95
105
105
106
88
71
54
54
50
91
98
85
15
18
18
28
32
40
14
20
23
30
24
14
65
81
93
24
21
16
35
26
16
25
19
12
28
19
12
43
33
21
31
25
17
60
63
70
47
50
45
99
99
94
32
27
18
32
23
16
21
16
12
33
24
15
22
18
11
17
18
11
10
10
9
55
55
46
43
34
20
26
16
6
17
14
5
70
68
51
63
43
29
80
71
55
64
54
42
69
59
46
16
13
11
60
66
67
17
19
17
71
70
60
23
25
24
27
29
25
34
33
28
12
13
6
